0005089549 0
000503860X 1
0005419263 2
0005092663 3
0005019281 4
0005119367 5
0005123968 6
0006486576 7
0307142477 8
0307142493 9
0310271908 10
0310396336 11
0375810331 12
0510539610 13
0578047861 14
0615115187 15
0738921467 16
0738920061 17
0738920762 18
0739040375 19
0740318764 20
0740325124 21
0757915655 22
0764000969 23
0764005529 24
0764006401 25
0764004581 26
0764003828 27
0764008722 28
0764193627 29
076700941X 30
0767001311 31
0767015525 32
0767023447 33
0767018699 34
0767020294 35
0767087372 36
0767020731 37
0767027329 38
0767025512 39
0767023765 40
0767019245 41
0767803310 42
0767803434 43
0767808673 44
0767809726 45
0767809254 46
0767805534 47
0767813421 48
076780192X 49
0767819454 50
0767819462 51
0767801814 52
0767811704 53
0767819519 54
0767815335 55
0767815963 56
0767826728 57
0767817737 58
0767830555 59
0767827686 60
0767821408 61
0767726227 62
0767800311 63
0767817664 64
0767837398 65
0767834739 66
0767817486 67
0767818105 68
0767835069 69
0767839129 70
0767821807 71
0767853636 72
0767814908 73
0767850823 74
0767836359 75
0767821610 76
076780046X 77
0767811089 78
0767088247 79
0767839277 80
0767824555 81
0767824571 82
0767805712 83
076785344X 84
0767817648 85
0767882938 86
0767802799 87
0767804325 88
0767827759 89
0769720307 90
0769721036 91
0778607704 92
0780021045 93
0780021932 94
0780020715 95
0780021649 96
0780022319 97
0780620372 98
0780621956 99
0780023196 100
0780606957 101
078062176X 102
0780023099 103
0780615573 104
0780622677 105
0780622189 106
0780622383 107
078060718X 108
078062386X 109
0780621638 110
0780626699 111
0780627822 112
0780021088 113
0780630068 114
0780626613 115
0780622537 116
0780023447 117
0780629752 118
078062582X 119
0780020855 120
0780625390 121
0780626702 122
0780022386 123
0780630866 124
0780023161 125
0780623614 126
078065062X 127
0780662504 128
0780623223 129
0780621832 130
0780620496 131
078063134X 132
0780630874 133
0780635299 134
0781740681 135
0782007848 136
0782010792 137
0782006752 138
0782008119 139
0782008372 140
078201061X 141
0783114729 142
0783114222 143
0783111037 144
0783112750 145
0783211201 146
078311530X 147
078310135X 148
0783111509 149
0782010040 150
0783218923 151
0783217048 152
0783110960 153
0783110901 154
0783222726 155
0783115539 156
0783224788 157
0783222424 158
0783211694 159
0783227272 160
0783226853 161
0783226535 162
0783225857 163
0783114907 164
0783116640 165
0783226608 166
0783226799 167
0783224583 168
0783228252 169
0783228686 170
0783227930 171
0783228341 172
0783225911 173
078322995X 174
0783226896 175
0783217498 176
0783117159 177
0783209967 178
078322723X 179
0783230427 180
078322687X 181
0783226985 182
0783231032 183
078322561X 184
0783229747 185
0783239955 186
0783229569 187
0783230346 188
0783227361 189
0783240473 190
0783241569 191
0783227892 192
0783240066 193
0783234287 194
0783210973 195
0783241313 196
0783230486 197
0783235380 198
0783229712 199
0783239408 200
0783226993 201
078322947X 202
0783235410 203
0783245130 204
078322740X 205
0783243499 206
0783235615 207
0783235674 208
0783116926 209
0783227922 210
0783229399 211
0784001308 212
0784011370 213
078400949X 214
0784013470 215
0784011680 216
0784017808 217
0784011532 218
0784017956 219
0784010331 220
0784017875 221
0784011249 222
0784017964 223
0784011648 224
0788600931 225
0788606344 226
0788810634 227
0788812467 228
0788821075 229
0788857746 230
078885383X 231
0788815474 232
078887148X 233
078882273X 234
0788872796 235
0788812262 236
0788860119 237
0788832182 238
0788802194 239
0788812424 240
0788861956 241
0788832492 242
0788814664 243
0790724960 244
0790732548 245
0790732521 246
079073124X 247
0790731266 248
0790732181 249
0790729687 250
0790731215 251
0790732300 252
0790733919 253
0790733226 254
0790732432 255
0790729733 256
0790734419 257
0790725657 258
0790729709 259
0790729342 260
0790729989 261
0790729377 262
0790729644 263
0790731797 264
0790733927 265
0790729628 266
0790732149 267
0790736063 268
0790739313 269
0790737744 270
0790740281 271
079073463X 272
0790740664 273
0790734737 274
0790740451 275
0790736977 276
0790740443 277
0790737647 278
0790731517 279
0790741288 280
079073608X 281
0790743213 282
0790741067 283
0790741644 284
0790744813 285
0790743442 286
0790744929 287
0790748193 288
0790731614 289
0790750732 290
0790744236 291
0790751569 292
0790748266 293
079072961X 294
0790741431 295
0790742462 296
0790744546 297
0790750414 298
0790734966 299
0790757354 300
0790785366 301
0790737868 302
079075181X 303
079079568X 304
0790745003 305
0790751445 306
0790741296 307
0790751143 308
079074886X 309
0790746387 310
079074676X 311
0790736527 312
0792115465 313
0792151712 314
0792153456 315
0792143817 316
0792146433 317
0792102320 318
0792158202 319
0792157850 320
0792153189 321
0792145496 322
0792146344 323
0792160347 324
0792110188 325
0792160932 326
0792165039 327
0792171306 328
0792166736 329
0792199405 330
0792153677 331
0792153685 332
0792166523 333
0792145097 334
0792292553 335
0792834976 336
0792834933 337
0792833201 338
0792836030 339
0792834917 340
0792836529 341
0792837746 342
0792838955 343
0792836618 344
079283948X 345
0792836685 346
079283514X 347
0792840119 348
0792837398 349
0792838653 350
0792839129 351
0792841905 352
0792842162 353
079284209X 354
0792840984 355
0792840011 356
0792838726 357
0792843991 358
0792843800 359
0792843894 360
0792843967 361
0792839684 362
0792838947 363
0792838661 364
0792843622 365
0792844718 366
0792844025 367
0792842111 368
079284565X 369
0792841409 370
0792842626 371
0792845552 372
0792846133 373
0792841980 374
0792846605 375
0792844734 376
0792842154 377
0792844033 378
0792845900 379
0792844041 380
0792899768 381
0792842006 382
0792899075 383
0792844645 384
0792898524 385
0792899458 386
0792898702 387
0792845870 388
0792845242 389
0792839420 390
0792844785 391
0792899229 392
0792841840 393
0792845765 394
0792839072 395
0792899806 396
0793906091 397
079396041X 398
079398257X 399
0793984297 400
0793961009 401
0793927536 402
0793927714 403
0800112652 404
0800114051 405
0800111842 406
0800129016 407
0800141709 408
0800177029 409
0800129784 410
0800116143 411
0800127943 412
0800141741 413
0800104862 414
0800121260 415
0800180429 416
0800139062 417
0800115066 418
0800198840 419
0800135547 420
0800136926 421
0800141660 422
0842375619 423
0842526919 424
084252455X 425
0849922372 426
0849986761 427
0870204556 428
0874934648 429
0892216972 430
0898706939 431
093085280X 432
0935278591 433
0936184906 434
0941232131 435
0941283186 436
0945671873 437
0949906980 438
0956310117 439
0963093932 440
0964083817 441
0964500094 442
0966063341 443
0966296400 444
0966531248 445
0966691105 446
0967124816 447
0967418518 448
0967501032 449
096751780X 450
0967830206 451
0970103905 452
097013830X 453
0970742231 454
0971098220 455
0971098212 456
0971098255 457
0971366306 458
0971744319 459
0972043306 460
0972597506 461
0973323396 462
097369470X 463
0974510300 464
0975061968 465
0976202468 466
0976233916 467
0976731096 468
0979927900 469
0981460224 470
0981458971 471
0784010447 472
0982153309 473
0982939876 474
0982982224 475
0983298122 476
0984301801 477
0988187469 478
098828278X 479
0849975034 480
0001526863 481
0784017735 482
0757990290 483
0898707145 484
1401927297 485
1401926339 486
1401926436 487
1403143609 488
140498822X 489
1415723427 490
0780630548 491
1424819210 492
078885996X 493
0964278928 494
0005000009 495
0973005009 496
0782009328 497
0792154436 498
0740319140 499
0790747693 500
1556586892 501
1557396248 502
1557840873 503
1558804641 504
1558908382 505
1559409002 506
155940860X 507
1559408758 508
1559408677 509
1560154012 510
1560396474 511
1560395907 512
1560396539 513
1560689994 514
1561270563 515
1561080004 516
1561589578 517
1562022393 518
1562199730 519
1562196367 520
1562021907 521
1562196650 522
1562550888 523
1563311976 524
1563452685 525
1563453789 526
156371616X 527
156501345X 528
156580211X 529
1565855744 530
1565859723 531
1565856635 532
1566053692 533
1566053986 534
1566331803 535
1567301614 536
1567301568 537
1567301789 538
1567301606 539
1567301355 540
1568124945 541
1568327730 542
1568392273 543
1568556829 544
0790740672 545
1569382964 546
1569383790 547
1569388997 548
1569389063 549
1569383529 550
1569385939 551
1569388059 552
1569381976 553
1569383472 554
1569388431 555
156949407X 556
1571196927 557
1571323848 558
1571322728 559
1571208526 560
1571323368 561
1571320377 562
1571324127 563
1571324240 564
157132528X 565
1572521252 566
1572521279 567
1572523018 568
1572521473 569
1572521783 570
1572520639 571
1572522178 572
1572522747 573
1572524421 574
1572524359 575
1572521597 576
1572522410 577
1572521368 578
1572522828 579
1572525401 580
1572525959 581
1572522380 582
1572523255 583
1572526564 584
1572527242 585
1572521767 586
1572523026 587
1572524537 588
1572524413 589
1572522321 590
1572525509 591
1572522402 592
1572528338 593
1572522127 594
1572523573 595
1572525525 596
157252765X 597
1572522445 598
1572522232 599
1572522550 600
157252250X 601
1573305723 602
1573305766 603
1573307386 604
1573303585 605
1573309869 606
1573301043 607
1573309966 608
1573305588 609
1573300985 610
1573300357 611
1573306932 612
1573306983 613
1573300470 614
1573309885 615
1573301507 616
1573309982 617
1573301469 618
1573470589 619
1573470988 620
1573472093 621
157347049X 622
1573471194 623
1573623008 624
1573470767 625
1573470821 626
1573624071 627
1573624365 628
1573626481 629
1573626163 630
1573626910 631
157362408X 632
1573624802 633
157362554X 634
157347181X 635
1573623946 636
1573628042 637
1573627089 638
157362389X 639
1573629774 640
1573624101 641
1573623903 642
1573624160 643
1573626171 644
1573624977 645
1573471917 646
1573624292 647
1573471070 648
1573628174 649
157492463X 650
1574922777 651
1574924486 652
1574924656 653
1574927302 654
1574925784 655
157492432X 656
1574924451 657
1574922815 658
1574922807 659
1574928228 660
1574928295 661
157523730X 662
1575237466 663
1574920855 664
1575239701 665
1575233452 666
1575235846 667
1576181006 668
1577133196 669
1577138112 670
157742154X 671
1577422821 672
1577423232 673
1577421531 674
1578004306 675
1578002230 676
1578071976 677
1578071461 678
1578213959 679
1578212308 680
1578214696 681
1578482135 682
157848300X 683
1578482305 684
1578483050 685
1578482909 686
1578482984 687
1578482895 688
1578482739 689
1578900026 690
1578900018 691
1582704147 692
1582704708 693
1582705674 694
1583500251 695
1583500561 696
1584480408 697
1584481358 698
1586171941 699
1586551043 700
1586683950 701
1587270811 702
1591259886 703
1591796946 704
1592180418 705
1594444536 706
1596982004 707
1596982012 708
1598038990 709
1601400748 710
1603584803 711
1603993428 712
1603996796 713
1603993266 714
1604865229 715
160529893X 716
1605290572 717
1606732439 718
1608618897 719
1612387292 720
1421367912 721
1578482224 722
1629971804 723
1629970484 724
1629971340 725
0005164850 726
1880336499 727
1885955006 728
1888568003 729
1888617098 730
188916514X 731
1891252135 732
1892309165 733
1896306918 734
1896306292 735
1896306071 736
1896306993 737
1897020600 738
1921643870 739
1930004540 740
1930612001 741
1932134670 742
1932225285 743
1932645446 744
1933424478 745
1933424338 746
1933591005 747
1578216095 748
1935515535 749
1936488264 750
193648806X 751
1936488191 752
1936906309 753
1937825469 754
1937920119 755
1938067517 756
193834037X 757
0740309323 758
381409011X 759
3812900319 760
3918810143 761
5551037568 762
5550137976 763
5553615429 764
5550211793 765
5555221916 766
5552439538 767
5554454828 768
5555084080 769
5555291744 770
5558279494 771
5554452574 772
555402128X 773
5559477400 774
5553799260 775
555987308X 776
5559203726 777
5559571741 778
5553646839 779
5559921009 780
5559778273 781
5819906179 782
581990608X 783
5819906586 784
5556000948 785
5819907027 786
6160601083 787
6162251020 788
6163271416 789
6162251012 790
6115220017 791
6163876032 792
6160418289 793
6165010083 794
6300132838 795
6300133257 796
6300133737 797
616344261X 798
6165155901 799
6300137236 800
6300133133 801
6300134938 802
630014738X 803
6300134210 804
6300146464 805
6300133486 806
630014996X 807
6300150151 808
6300146421 809
6300138429 810
6300147274 811
6300128628 812
630013718X 813
630012861X 814
6300134318 815
6300142256 816
6300137376 817
6300147444 818
6300149978 819
6300147630 820
6300159140 821
6300155447 822
6300147789 823
6300157601 824
6300131076 825
6300155919 826
6300164616 827
630015467X 828
6300158888 829
6300141012 830
6300158411 831
6300132641 832
6300160270 833
630015386X 834
6300165760 835
6300146057 836
6300163962 837
630016389X 838
6300137511 839
6300166139 840
6300153029 841
6300147967 842
6300180247 843
6300145786 844
6300166651 845
6300181316 846
6300164373 847
6300165302 848
6300164063 849
6300167003 850
6300178161 851
6300181227 852
6300181847 853
6300151875 854
6300158772 855
6300152618 856
6300181375 857
6300134865 858
6300163687 859
6300158500 860
6300151360 861
6300181731 862
6300151891 863
6300158926 864
630018191X 865
6300181545 866
6300181898 867
6300158764 868
6300151484 869
6300165086 870
6300140938 871
6300181987 872
6300158349 873
6300181065 874
6300182029 875
630015761X 876
630018286X 877
6300182738 878
6300147355 879
6300183920 880
630018305X 881
6300182800 882
6300180204 883
6300183475 884
630015002X 885
6300184293 886
6300183033 887
6300183416 888
6300184242 889
6300183769 890
6300167178 891
6300183459 892
6300183432 893
6300184595 894
6300184269 895
6300183505 896
6300183831 897
6300175197 898
6300182304 899
630018207X 900
6300175170 901
6300183785 902
6300183548 903
6300158683 904
6300182061 905
6300159159 906
6300183807 907
6300185443 908
6300185451 909
6300182517 910
6300185125 911
6300179109 912
6300185370 913
6300182681 914
6300182002 915
6300185117 916
6300186806 917
6300181510 918
6300185230 919
6300185974 920
6300198200 921
6300150879 922
6300185176 923
630018904X 924
6300198537 925
6300206610 926
6300185788 927
6300189538 928
6300208117 929
630020815X 930
6300183513 931
6300182924 932
6300208060 933
6300185893 934
630020829X 935
6300208672 936
6300184900 937
6300208044 938
6300208575 939
6300198413 940
6300189082 941
630016411X 942
6300198731 943
6300209237 944
6300208850 945
6300207870 946
6300208192 947
630018675X 948
6300198499 949
6300212912 950
630021320X 951
6300208591 952
6300213501 953
630018384X 954
6300182428 955
6300184250 956
6300213021 957
6300189686 958
6300207935 959
6300185885 960
6300208540 961
6300209075 962
6300214133 963
6300213714 964
630021415X 965
6300213706 966
6300214338 967
6300214265 968
6300213951 969
6300213927 970
6300214508 971
6300214117 972
6300213730 973
630020992X 974
6300209369 975
6300214230 976
6300213137 977
6300214087 978
6300213986 979
6300213579 980
6300189503 981
6300183726 982
6300213897 983
6300186180 984
6300214222 985
630021348X 986
6300209253 987
6300213560 988
6300213900 989
6300214893 990
6300208419 991
6300214737 992
6300214567 993
6300214028 994
6300213803 995
6300215202 996
6300214958 997
6300209296 998
6300185206 999
6300214346 1000
6300209164 1001
6300214613 1002
6300214648 1003
6300214192 1004
6300213056 1005
6300215520 1006
6300189856 1007
6300215555 1008
6300185869 1009
6300215598 1010
6300214680 1011
6300215806 1012
6300214044 1013
6300215849 1014
6300215601 1015
6300216209 1016
6300214052 1017
6300214184 1018
6300213781 1019
6300216284 1020
6300216527 1021
6300215903 1022
6300214664 1023
6300214583 1024
630021575X 1025
6300216497 1026
6300215350 1027
6300213943 1028
6300216144 1029
6300216306 1030
6300214575 1031
6300215245 1032
6300216705 1033
6300213587 1034
6300215660 1035
6300215954 1036
6300213749 1037
6300216861 1038
6300215490 1039
6300216535 1040
6300215989 1041
6300216071 1042
