0005089549 0
000503860X 1
0005419263 2
0005092663 3
0005019281 4
0005119367 5
0005123968 6
0006486576 7
0307142477 8
0307142493 9
0310271908 10
0310396336 11
0375810331 12
0510539610 13
0578047861 14
0615115187 15
0738921467 16
0738920061 17
0738920762 18
0739040375 19
0740318764 20
0740325124 21
0757915655 22
0764000969 23
0764005529 24
0764006401 25
0764004581 26
0764003828 27
0764008722 28
0764193627 29
076700941X 30
0767001311 31
0767015525 32
0767023447 33
0767018699 34
0767020294 35
0767087372 36
0767020731 37
0767027329 38
0767025512 39
0767023765 40
0767019245 41
0767803310 42
0767803434 43
0767808673 44
0767809726 45
0767809254 46
0767805534 47
0767813421 48
076780192X 49
0767819454 50
0767819462 51
0767801814 52
0767819519 53
0767811704 54
0767815335 55
0767815963 56
0767826728 57
0767817737 58
0767827686 59
0767830555 60
0767821408 61
0767726227 62
0767800311 63
0767817664 64
0767837398 65
0767834739 66
0767817486 67
0767818105 68
0767835069 69
0767839129 70
0767821807 71
0767853636 72
0767814908 73
0767850823 74
0767836359 75
0767821610 76
076780046X 77
0767811089 78
0767088247 79
0767839277 80
0767824555 81
0767824571 82
0767805712 83
076785344X 84
0767817648 85
0767882938 86
0767802799 87
0767804325 88
0767827759 89
0769720307 90
0769721036 91
0769770444 92
0778607704 93
0780021045 94
0780021932 95
0780020715 96
0780021649 97
0780022319 98
0780620372 99
0780621956 100
0780023196 101
0780606957 102
078062176X 103
0780023099 104
0780615573 105
0780622677 106
0780622189 107
0780622383 108
078060718X 109
078062386X 110
0780621638 111
0780626699 112
0780627822 113
0780021088 114
0780630068 115
0780626613 116
0780622537 117
0780023447 118
0780629752 119
078062582X 120
0780020855 121
0780625390 122
0780626702 123
0780022386 124
0780630866 125
0780023161 126
0780623614 127
078065062X 128
0780662504 129
0780623223 130
0780621832 131
0780620496 132
078063134X 133
0780630874 134
0780635299 135
0781740681 136
0782007848 137
0782010792 138
0782006752 139
0782008119 140
0782008372 141
078201061X 142
0783114729 143
0783114222 144
0783111037 145
0783112750 146
0783211201 147
078311530X 148
078310135X 149
0783111509 150
0782010040 151
0783218923 152
0783217048 153
0783110960 154
0783110901 155
0783222726 156
0783115539 157
0783224788 158
0783222424 159
0783211694 160
0783227272 161
0783226853 162
0783226535 163
0783225857 164
0783114907 165
0783116640 166
0783226608 167
0783226799 168
0783224583 169
0783228252 170
0783228686 171
0783227930 172
0783228341 173
0783225911 174
078322995X 175
0783226896 176
0783217498 177
0783117159 178
0783209967 179
078322723X 180
0783230427 181
078322687X 182
0783226985 183
0783231032 184
078322561X 185
0783229747 186
0783239955 187
0783229569 188
0783230346 189
0783227361 190
0783240473 191
0783241569 192
0783227892 193
0783240066 194
0783234287 195
0783210973 196
0783241313 197
0783230486 198
0783235380 199
0783229712 200
0783239408 201
0783226993 202
078322947X 203
0783235410 204
0783245130 205
078322740X 206
0783243499 207
0783235615 208
0783235674 209
0783116926 210
0783227922 211
0783229399 212
0784001308 213
0784011370 214
078400949X 215
0784013470 216
0784011680 217
0784017808 218
0784011532 219
0784017956 220
0784010331 221
0784017875 222
0784011249 223
0784017964 224
0784011648 225
0788600931 226
0788606344 227
0788810634 228
0788812467 229
0788821075 230
0788857746 231
078885383X 232
0788815474 233
078887148X 234
078882273X 235
0788872796 236
0788812262 237
0788860119 238
0788832182 239
0788802194 240
0788812424 241
0788861956 242
0788832492 243
0788814664 244
0790724960 245
0790732548 246
0790732521 247
079073124X 248
0790731266 249
0790732181 250
0790729687 251
0790731215 252
0790732300 253
0790733919 254
0790733226 255
0790732432 256
0790729733 257
0790734419 258
0790725657 259
0790729709 260
0790729342 261
0790729989 262
0790729377 263
0790729644 264
0790731797 265
0790733927 266
0790729628 267
0790732149 268
0790736063 269
0790739313 270
0790737744 271
0790740281 272
079073463X 273
0790740664 274
0790734737 275
0790740451 276
0790736977 277
0790740443 278
0790737647 279
0790731517 280
0790741288 281
079073608X 282
0790743213 283
0790741067 284
0790741644 285
0790744813 286
0790743442 287
0790744929 288
0790748193 289
0790731614 290
0790750732 291
0790744236 292
0790751569 293
0790748266 294
079072961X 295
0790741431 296
0790742462 297
0790744546 298
0790750414 299
0790734966 300
0790757354 301
0790785366 302
0790737868 303
079075181X 304
079079568X 305
0790745003 306
0790751445 307
0790741296 308
0790751143 309
079074886X 310
0790746387 311
079074676X 312
0790736527 313
0792115465 314
0792151712 315
0792153456 316
0792143817 317
0792146433 318
0792102320 319
0792158202 320
0792157850 321
0792153189 322
0792145496 323
0792146344 324
0792160347 325
0792110188 326
0792160932 327
0792165039 328
0792171306 329
0792166736 330
0792199405 331
0792153677 332
0792153685 333
0792166523 334
0792145097 335
0792292553 336
0792834976 337
0792834933 338
0792833201 339
0792836030 340
0792834917 341
0792836529 342
0792837746 343
0792838955 344
0792836618 345
079283948X 346
0792836685 347
079283514X 348
0792840119 349
0792837398 350
0792838653 351
0792839129 352
0792841905 353
0792842162 354
079284209X 355
0792840984 356
0792840011 357
0792838726 358
0792843991 359
0792843800 360
0792843894 361
0792843967 362
0792839684 363
0792838947 364
0792838661 365
0792843622 366
0792844718 367
0792844025 368
0792842111 369
079284565X 370
0792841409 371
0792842626 372
0792845552 373
0792846133 374
0792841980 375
0792846605 376
0792844734 377
0792842154 378
0792844033 379
0792845900 380
0792844041 381
0792899768 382
0792842006 383
0792899075 384
0792844645 385
0792898524 386
0792899458 387
0792898702 388
0792845870 389
0792845242 390
0792839420 391
0792844785 392
0792899229 393
0792841840 394
0792845765 395
0792839072 396
0792899806 397
0793906091 398
079396041X 399
079398257X 400
0793984297 401
0793961009 402
0793927536 403
0793927714 404
0800112652 405
0800114051 406
0800111842 407
0800129016 408
0800141709 409
0800177029 410
0800129784 411
0800116143 412
0800127943 413
0800141741 414
0800104862 415
0800121260 416
0800180429 417
0800139062 418
0800115066 419
0800198840 420
0800135547 421
0800136926 422
0800141660 423
0842375619 424
0842526919 425
084252455X 426
0849922372 427
0849986761 428
0870204556 429
0874934648 430
0892216972 431
0898706939 432
093085280X 433
0935278591 434
0936184906 435
0941232131 436
0941283186 437
0945671873 438
0949906980 439
0956310117 440
0963093932 441
0964083817 442
0964500094 443
0966063341 444
0966296400 445
0966531248 446
0966691105 447
0967124816 448
0967418518 449
0967501032 450
096751780X 451
0967830206 452
0970103905 453
097013830X 454
0970662408 455
0970742231 456
0971098220 457
0971098212 458
0971098255 459
097131649X 460
0971366306 461
0971744319 462
0972043306 463
0972597506 464
0973323396 465
097369470X 466
0974510300 467
0975061968 468
0976202468 469
0976233916 470
0976731096 471
0979927900 472
0981460224 473
0981458971 474
0784010447 475
0982153309 476
0982939876 477
0982982224 478
0983298122 479
0984301801 480
0988187469 481
098828278X 482
0849975034 483
0001526863 484
0784017735 485
0757990290 486
0898707145 487
1401927297 488
1401926339 489
1401926436 490
1403143609 491
140498822X 492
1415723427 493
0780630548 494
1424819210 495
078885996X 496
0964278928 497
0005000009 498
0973005009 499
0782009328 500
0792154436 501
0740319140 502
0790747693 503
1556586892 504
1557396248 505
1557840873 506
1558804641 507
1558908676 508
1558908382 509
1559409002 510
155940860X 511
1559408758 512
1559408677 513
1560154012 514
1560396474 515
1560395907 516
1560396539 517
1560689994 518
1561270563 519
1561080004 520
1561589578 521
1562022393 522
1562196308 523
1562199730 524
1562196367 525
1562021907 526
1562196650 527
1562550888 528
1563311976 529
1563452685 530
1563453789 531
156371616X 532
156501345X 533
156580211X 534
1565855744 535
1565859723 536
1565856635 537
1566053692 538
1566053986 539
1566331803 540
1567301614 541
1567301568 542
1567301789 543
1567301606 544
1567301355 545
1568124945 546
1568327730 547
1568392273 548
1568556829 549
0790740672 550
1569382964 551
1569383790 552
1569388997 553
1569389063 554
1569383529 555
1569385939 556
1569388059 557
1569381976 558
1569383472 559
1569388431 560
156949407X 561
1571196927 562
1571323848 563
1571322728 564
1571208526 565
1571323368 566
1571320377 567
1571324127 568
1571324240 569
157132528X 570
1572521252 571
1572521279 572
1572523018 573
1572521473 574
1572521783 575
1572520639 576
1572522178 577
1572522747 578
1572524421 579
1572524359 580
1572521597 581
1572522410 582
1572521368 583
1572522828 584
1572521384 585
1572525401 586
1572525959 587
1572522380 588
1572523255 589
1572526564 590
1572527242 591
1572521767 592
1572522224 593
1572523026 594
1572524537 595
1572524413 596
1572522321 597
1572525509 598
1572522402 599
1572528338 600
1572522127 601
1572523573 602
1572525525 603
157252765X 604
1572522445 605
1572522232 606
1572522550 607
157252250X 608
1573305723 609
1573305766 610
1573307386 611
1573303585 612
1573309869 613
1573301043 614
1573309966 615
1573305588 616
1573300985 617
1573300357 618
1573306932 619
1573306983 620
1573300470 621
1573309885 622
1573301507 623
1573309982 624
1573301469 625
1573470589 626
1573470988 627
1573472093 628
157347049X 629
1573471194 630
1573623008 631
1573470767 632
1573470821 633
1573624071 634
1573624365 635
1573626481 636
1573626910 637
1573626163 638
157362408X 639
1573624802 640
157362554X 641
157347181X 642
1573623946 643
1573628042 644
1573627089 645
157362389X 646
1573629774 647
1573624101 648
1573623903 649
1573624160 650
1573626171 651
1573624977 652
1573471917 653
157347228X 654
1573624292 655
1573471070 656
1573628174 657
157492463X 658
1574922777 659
1574924486 660
1574924656 661
1574927302 662
1574925784 663
157492432X 664
1574924451 665
1574922815 666
1574922807 667
1574928228 668
1574928295 669
1575237555 670
157523730X 671
1575237466 672
1574920855 673
1575239701 674
1575233452 675
1575235846 676
1576181006 677
1577133196 678
1577138112 679
157742154X 680
1577422821 681
1577423232 682
1577421531 683
1578004306 684
1578002230 685
1578071976 686
1578071461 687
1578213959 688
1578212308 689
1578214696 690
1578482135 691
157848300X 692
1578482305 693
1578483050 694
1578482909 695
1578482984 696
1578482895 697
1578482739 698
1578900026 699
1578900018 700
1582704147 701
1582704708 702
1582705674 703
1583500251 704
1583500561 705
1584480408 706
1584481358 707
1586171941 708
1586551043 709
1586683950 710
1587270811 711
1591259886 712
1591796946 713
1592180418 714
1594444536 715
1596982004 716
1596982012 717
1598038990 718
1601400748 719
1603584803 720
1603993428 721
1603996796 722
1603993266 723
1604865229 724
160529893X 725
1605290572 726
1606732439 727
1608618897 728
1612387292 729
1421367912 730
1578482224 731
1627590803 732
1629971804 733
1629970484 734
1629971340 735
0005164850 736
1880336499 737
1885955006 738
1888568003 739
1888617098 740
188916514X 741
1891252135 742
1892309165 743
1896306918 744
1896306292 745
1896306071 746
1896306993 747
1897020600 748
1921643870 749
1930004540 750
1930612001 751
1932134670 752
1932225285 753
1932645446 754
1933424478 755
1933424338 756
1933591005 757
1578216095 758
1935515535 759
1936488264 760
193648806X 761
1936488191 762
1936906309 763
1937825469 764
1937920119 765
1938067517 766
193834037X 767
0740309323 768
381409011X 769
3812900319 770
3918810143 771
5551037568 772
5550137976 773
5553615429 774
5550211793 775
5555221916 776
5552439538 777
5554454828 778
5555084080 779
5555291744 780
5558279494 781
5554452574 782
555402128X 783
5559477400 784
5553799260 785
555987308X 786
5559203726 787
5559571741 788
5553646839 789
5559921009 790
5559778273 791
5819906179 792
581990608X 793
5819906586 794
5556000948 795
5819907027 796
6160601083 797
6162251020 798
6163271416 799
6162251012 800
6115220017 801
6163876032 802
6160418289 803
6165010083 804
6300132838 805
6300133257 806
6300133737 807
6300129373 808
616344261X 809
6165155901 810
6300133133 811
6300137236 812
6300134938 813
6300137171 814
630014738X 815
6300134210 816
6300146464 817
6300133486 818
630014996X 819
6300150151 820
6300146421 821
6300138429 822
6300147274 823
6300128628 824
630013718X 825
630012861X 826
6300134318 827
6300142256 828
6300137376 829
6300147444 830
6300149978 831
6300147630 832
6300159140 833
6300155447 834
6300147789 835
6300157601 836
6300147487 837
6300131076 838
6300155919 839
6300164616 840
630015467X 841
6300158888 842
6300141012 843
6300158411 844
6300132641 845
6300160270 846
630015386X 847
6300165760 848
6300146057 849
6300163962 850
630016389X 851
6300137511 852
6300166139 853
6300153029 854
6300147967 855
6300180247 856
6300145786 857
6300166651 858
6300181316 859
6300164373 860
6300165302 861
6300164063 862
6300167003 863
6300178161 864
6300181227 865
6300181847 866
6300151875 867
6300158772 868
6300152618 869
6300134865 870
6300181375 871
6300163687 872
6300158500 873
6300181731 874
6300151360 875
6300151891 876
6300158926 877
630018191X 878
6300181545 879
6300181898 880
6300158764 881
6300151484 882
6300165086 883
6300140938 884
6300181987 885
6300158349 886
6300181065 887
6300182029 888
